##FastQC	0.12.1
>>Basic Statistics	pass
#Measure	Value
Filename	SRR5223500_2.fastq.gz
File type	Conventional base calls
Encoding	Sanger / Illumina 1.9
Total Sequences	500000
Total Bases	37.5 Mbp
Sequences flagged as poor quality	0
Sequence length	75
%GC	48
>>END_MODULE
>>Per base sequence quality	pass
#Base	Mean	Median	Lower Quartile	Upper Quartile	10th Percentile	90th Percentile
1	30.812876	33.0	33.0	33.0	27.0	33.0
2	30.436562	33.0	33.0	33.0	22.0	33.0
3	30.16119	33.0	33.0	33.0	15.0	33.0
4	33.564656	37.0	37.0	37.0	15.0	37.0
5	33.547416	37.0	37.0	37.0	15.0	37.0
6	33.529082	37.0	37.0	37.0	15.0	37.0
7	33.488104	37.0	37.0	37.0	15.0	37.0
8	33.49136	37.0	37.0	37.0	15.0	37.0
9	33.432772	37.0	37.0	37.0	15.0	37.0
10	33.425582	37.0	37.0	37.0	15.0	37.0
11	33.418036	37.0	37.0	37.0	15.0	37.0
12	33.403118	37.0	37.0	37.0	15.0	37.0
13	33.394332	37.0	37.0	37.0	15.0	37.0
14	35.581574	40.0	37.0	40.0	15.0	40.0
15	35.516828	40.0	37.0	40.0	15.0	40.0
16	35.503496	40.0	37.0	40.0	15.0	40.0
17	35.49877	40.0	37.0	40.0	15.0	40.0
18	35.478854	40.0	37.0	40.0	15.0	40.0
19	35.497314	40.0	37.0	40.0	15.0	40.0
20	35.458326	40.0	37.0	40.0	15.0	40.0
21	35.394744	40.0	37.0	40.0	15.0	40.0
22	35.35321	40.0	37.0	40.0	15.0	40.0
23	35.346582	40.0	37.0	40.0	15.0	40.0
24	35.343266	40.0	37.0	40.0	15.0	40.0
25	35.301428	40.0	37.0	40.0	15.0	40.0
26	35.286462	40.0	37.0	40.0	15.0	40.0
27	35.24989	40.0	37.0	40.0	15.0	40.0
28	35.218252	40.0	37.0	40.0	15.0	40.0
29	35.159764	40.0	37.0	40.0	15.0	40.0
30	35.135494	40.0	37.0	40.0	15.0	40.0
31	35.112048	40.0	37.0	40.0	15.0	40.0
32	35.092586	40.0	37.0	40.0	15.0	40.0
33	35.013566	40.0	37.0	40.0	15.0	40.0
34	34.99283	40.0	37.0	40.0	15.0	40.0
35	34.975684	40.0	37.0	40.0	15.0	40.0
36	34.936766	40.0	37.0	40.0	15.0	40.0
37	34.879416	40.0	37.0	40.0	15.0	40.0
38	34.858496	40.0	37.0	40.0	15.0	40.0
39	34.833042	40.0	37.0	40.0	15.0	40.0
40	34.752414	40.0	37.0	40.0	15.0	40.0
41	34.711364	40.0	37.0	40.0	15.0	40.0
42	34.650174	40.0	37.0	40.0	15.0	40.0
43	34.618538	40.0	37.0	40.0	15.0	40.0
44	34.553832	40.0	37.0	40.0	15.0	40.0
45	34.570956	40.0	37.0	40.0	15.0	40.0
46	34.461288	40.0	37.0	40.0	15.0	40.0
47	34.42589	40.0	37.0	40.0	15.0	40.0
48	34.328272	40.0	37.0	40.0	15.0	40.0
49	34.25174	40.0	37.0	40.0	15.0	40.0
50	34.193658	40.0	37.0	40.0	15.0	40.0
51	32.65909	37.0	33.0	37.0	15.0	40.0
52	33.211234	37.0	33.0	40.0	15.0	40.0
53	33.659336	37.0	33.0	40.0	15.0	40.0
54	33.785928	37.0	33.0	40.0	15.0	40.0
55	33.778954	37.0	33.0	40.0	15.0	40.0
56	33.702844	37.0	33.0	40.0	15.0	40.0
57	33.630566	37.0	33.0	40.0	15.0	40.0
58	33.521836	37.0	33.0	40.0	15.0	40.0
59	33.456438	37.0	33.0	40.0	15.0	40.0
60	33.333816	37.0	33.0	40.0	15.0	40.0
61	33.231728	37.0	33.0	40.0	15.0	40.0
62	33.122632	37.0	33.0	40.0	15.0	40.0
63	32.961128	37.0	33.0	40.0	15.0	40.0
64	32.826424	37.0	33.0	40.0	15.0	40.0
65	32.718378	37.0	33.0	40.0	15.0	40.0
66	32.607	37.0	33.0	40.0	15.0	40.0
67	32.45863	37.0	33.0	37.0	15.0	40.0
68	32.350362	37.0	33.0	37.0	15.0	40.0
69	32.150434	37.0	33.0	37.0	15.0	40.0
70	32.02732	37.0	33.0	37.0	15.0	40.0
71	31.911546	37.0	33.0	37.0	15.0	40.0
72	31.783406	37.0	33.0	37.0	15.0	40.0
73	31.595608	37.0	33.0	37.0	15.0	40.0
74	31.97049	37.0	33.0	37.0	15.0	40.0
75	32.026436	37.0	33.0	37.0	15.0	37.0
>>END_MODULE
>>Per sequence quality scores	pass
#Quality	Count
4	3.0
5	8.0
6	255.0
7	1448.0
8	4329.0
9	7888.0
10	11421.0
11	12435.0
12	10729.0
13	7689.0
14	4834.0
15	2799.0
16	1861.0
17	1302.0
18	1021.0
19	941.0
20	890.0
21	909.0
22	954.0
23	1052.0
24	1160.0
25	1277.0
26	1523.0
27	1728.0
28	1963.0
29	2392.0
30	3009.0
31	3738.0
32	4930.0
33	6727.0
34	10028.0
35	16624.0
36	33025.0
37	83550.0
38	201364.0
39	54194.0
>>END_MODULE
>>Per base sequence content	warn
#Base	G	A	T	C
1	27.035782388333857	18.996100213897964	15.553123330485363	38.41499406728281
2	23.851901956389483	24.580745093016553	33.2430117511447	18.324341199449265
3	21.039226082693904	26.40022409187767	28.432257225462436	24.128292599965988
4	23.028083565928103	34.22907347858993	21.61709761772232	21.125745337759643
5	25.028983562965912	34.82632888885329	20.769451024286123	19.37523652389467
6	21.469861768862163	32.79396634894455	23.129596195341055	22.606575686852228
7	21.266630505054955	18.237061382000725	35.45692731716202	25.0393807957823
8	21.6312	21.6262	27.196399999999997	29.5462
9	22.279533677202064	23.374540247241484	28.24516947101683	26.100756604539626
10	24.175909920291943	33.054235090751945	21.305899676686195	21.46395531226992
11	27.343244990303813	23.924463807909447	20.79646814667758	27.93582305510916
12	25.59638297403915	22.384050820895972	24.99694778409125	27.022618420973625
13	23.47840530231776	25.25745138141227	25.98147710853982	25.28266620773015
14	23.9522	26.257599999999996	25.9362	23.854
15	24.448360986968716	26.294026094575834	25.157339649591698	24.100273268863752
16	24.834492072225277	26.027509628369927	24.57540139048667	24.56259690891812
17	24.83076165758526	26.521244089414676	24.33530302818071	24.312691224819353
18	24.250712273513027	26.74587041423907	24.69548306549715	24.307934246750754
19	24.7592	26.4352	24.4526	24.352999999999998
20	24.790090763993618	26.910184048098117	24.487677457808143	23.812047730100126
21	24.149782344280133	26.94169707445106	25.097825043211063	23.810695538057743
22	24.3503543885347	26.77984687853938	24.968683339536636	23.901115393389283
23	24.29848010692876	27.07634681414725	24.95658020057146	23.66859287835253
24	23.8736	27.1314	25.4354	23.5596
25	24.2042	26.8058	25.0486	23.941399999999998
26	24.0206	27.089600000000004	24.9836	23.9062
27	23.65063140228717	26.805942562695158	25.50493179895143	24.038494236066242
28	24.044378295764616	26.696593609717457	25.121628217746515	24.13739987677141
29	24.248140605808434	26.87989853849016	25.030506467371083	23.841454388330327
30	23.85484271092581	26.937404470194704	25.33270380358672	23.87504901529277
31	23.77942641744997	26.886832090851247	25.161962841582536	24.171778650116245
32	24.17651000670114	27.134012782172967	24.827020593500894	23.862456617624996
33	23.889887923636852	27.09075525026654	25.223082570055226	23.796274256041382
34	24.405489604446746	27.041043977262042	24.550953317553088	24.002513100738124
35	24.523664659920584	27.214559049570898	24.7300099269886	23.531766363519917
36	23.861832637105508	27.110651184854994	25.04278448429434	23.98473169374516
37	24.122607726136312	27.102128400626928	24.71270695007977	24.06255692315699
38	24.282014100705034	27.065753287664386	24.72023601180059	23.93199659982999
39	23.718	27.1924	25.245	23.8446
40	24.167186799820755	26.840071058190894	25.017204404327508	23.97553773766084
41	24.11211848958594	27.152596161734603	24.985342876638043	23.749942472041415
42	23.675478132780412	27.009798819978702	25.45491662196889	23.85980642527199
43	24.032185426486922	26.704696710401215	25.043584431701042	24.219533431410813
44	24.203569385379204	26.869406582679563	25.00330054128877	23.923723490652467
45	23.643	27.1098	25.471	23.7762
46	23.998247821277772	26.82593624549704	24.99414940323913	24.18166652998606
47	24.155855589080343	27.257521068595985	24.954981632506062	23.631641709817604
48	23.7622771698672	27.105229454001133	25.263553915486643	23.868939460645016
49	23.997902540167956	26.742012440658698	24.98258788116529	24.27749713800805
50	24.166931672496794	27.12039664872627	24.87414723123909	23.838524447537846
51	23.5616	27.034799999999997	25.398	24.005599999999998
52	24.024185596249353	26.906775847205918	24.90144349527069	24.167595061274046
53	24.156045763074662	27.329813814943215	24.840811476377283	23.673328945604837
54	23.62020926134466	27.3793926980552	25.18116847918488	23.819229561415263
55	24.078756791793033	26.902902366224684	24.856562132402953	24.16177870957933
56	24.03161738956426	27.241582870578817	25.051578368102454	23.675221371754464
57	23.5934	26.8928	25.381999999999998	24.131800000000002
58	24.0358	27.0046	24.9174	24.0422
59	24.034713319106128	27.314837963842624	24.70033861286729	23.95011010418396
60	23.388261751653655	27.330823005910343	25.461082588705125	23.819832653730877
61	23.94652885912488	27.066212467526228	24.928247477153278	24.059011196195616
62	24.123284382377655	27.314833340002405	24.856948501460526	23.704933776159418
63	23.6218	27.306	25.356	23.7162
64	23.9752	27.0678	24.979000000000003	23.977999999999998
65	24.158810362520178	27.43475416919209	24.948141391470983	23.458294076816752
66	23.810953158518235	27.473945826529633	25.093851054973904	23.621249959978226
67	23.921801730400897	27.174859352390556	24.89347607239424	24.0098628448143
68	24.35534213685474	27.24489795918367	24.73869547819128	23.66106442577031
69	23.6958	27.357599999999998	25.280200000000004	23.666400000000003
70	23.939	27.117	24.9566	23.9874
71	24.172579551387585	27.447054093143187	24.819312778432355	23.56105357703687
72	23.83624139587002	27.372738914679047	25.1124539779094	23.67856571154154
73	24.137109830754053	27.256862796110365	24.725077898764628	23.880949474370954
74	24.22050591312736	27.65430270328689	24.76248421398136	23.362707169604384
75	23.67504595707739	27.60445108546716	25.071260974190025	23.649241983265423
>>END_MODULE
>>Per sequence GC content	pass
#GC Content	Count
0	408.0
1	421.0
2	433.0
3	458.5
4	485.0
5	474.5
6	448.5
7	447.5
8	462.0
9	470.5
10	487.0
11	509.5
12	524.0
13	564.0
14	596.5
15	629.0
16	669.0
17	725.5
18	830.5
19	984.0
20	1089.0
21	1215.5
22	1561.5
23	2085.5
24	2390.0
25	2730.0
26	3585.5
27	4723.5
28	5346.0
29	5829.5
30	7083.0
31	8560.5
32	9268.0
33	10069.5
34	11606.5
35	13335.5
36	14329.0
37	14901.5
38	16168.5
39	17569.5
40	18276.0
41	18909.0
42	20082.0
43	20939.0
44	21256.0
45	21075.5
46	21110.5
47	21171.0
48	21016.0
49	20755.5
50	20413.5
51	20142.5
52	19953.0
53	19659.0
54	18614.5
55	17259.0
56	16654.0
57	16257.5
58	15422.0
59	14318.0
60	13653.0
61	12783.5
62	11386.0
63	10101.5
64	9345.0
65	8641.0
66	7156.5
67	5795.0
68	5214.0
69	4709.5
70	3882.5
71	3122.0
72	2684.0
73	2441.0
74	2005.0
75	1674.0
76	1536.0
77	1428.5
78	1201.0
79	1064.0
80	1047.0
81	956.0
82	824.5
83	738.5
84	693.0
85	632.5
86	576.0
87	533.0
88	486.0
89	458.0
90	402.0
91	350.5
92	327.0
93	313.5
94	284.0
95	231.5
96	195.0
97	171.5
98	129.5
99	113.0
100	115.0
>>END_MODULE
>>Per base N content	pass
#Base	N-Count
1	0.0458
2	0.06080000000000001
3	0.041
4	0.1124
5	0.1158
6	0.0804
7	0.0782
8	0.0
9	6.000000000000001E-4
10	0.0352
11	0.0638
12	0.0726
13	0.0588
14	0.0
15	0.0252
16	0.034999999999999996
17	0.0522
18	0.038400000000000004
19	0.0
20	0.0044
21	0.025599999999999998
22	0.053200000000000004
23	0.0456
24	0.0
25	0.0
26	0.0
27	0.0162
28	0.0232
29	0.0212
30	0.0312
31	0.0388
32	0.017
33	0.0146
34	0.043800000000000006
35	0.0704
36	0.08059999999999999
37	0.0846
38	0.005
39	0.0
40	0.025599999999999998
41	0.0486
42	0.0696
43	0.079
44	0.0164
45	0.0
46	0.0102
47	0.0408
48	0.0584
49	0.0696
50	0.0022
51	0.0
52	0.006600000000000001
53	0.0242
54	0.0102
55	0.026400000000000003
56	0.055
57	0.0
58	0.0
59	0.0038000000000000004
60	0.039599999999999996
61	0.0732
62	0.036000000000000004
63	0.0
64	0.0
65	0.0166
66	0.0544
67	0.06939999999999999
68	0.04
69	0.0
70	0.0
71	0.0206
72	0.048
73	0.0626
74	0.0698
75	0.0154
>>END_MODULE
>>Sequence Length Distribution	pass
#Length	Count
75	500000.0
>>END_MODULE
>>Sequence Duplication Levels	pass
#Total Deduplicated Percentage	83.97874595274382
#Duplication Level	Percentage of total
1	78.11870946539717
2	6.698029464051665
3	2.93028930477281
4	1.8622454431831854
5	1.435755174454176
6	1.1662837083932531
7	0.8395134899996954
8	0.7372257578009275
9	0.618939761876119
>10	4.8896715203131125
>50	0.4865714364318151
>100	0.2167654733260616
>500	0.0
>1k	0.0
>5k	0.0
>10k+	0.0
>>END_MODULE
>>Overrepresented sequences	pass
>>END_MODULE
>>Adapter Content	pass
#Position	Illumina Universal Adapter	Illumina Small RNA 3' Adapter	Illumina Small RNA 5' Adapter	Nextera Transposase Sequence	PolyA	PolyG
1	6.0E-4	0.0	0.0	0.0	0.1042	0.0792
2	6.0E-4	0.0	0.0	0.0	0.1172	0.0944
3	6.0E-4	0.0	0.0	0.0	0.148	0.144
4	6.0E-4	0.0	0.0	0.0	0.1884	0.2316
5	6.0E-4	0.0	0.0	0.0	0.2326	0.2908
6	6.0E-4	0.0	0.0	0.0	0.2648	0.3368
7	6.0E-4	0.0	0.0	0.0	0.2978	0.379
8	6.0E-4	0.0	0.0	0.0	0.327	0.4178
9	6.0E-4	0.0	0.0	0.0	0.3716	0.4512
10	8.0E-4	0.0	0.0	0.0	0.4148	0.4788
11	8.0E-4	0.0	0.0	0.0	0.4522	0.5176
12	0.0014	0.0	0.0	0.0	0.4914	0.553
13	0.0014	0.0	0.0	0.0	0.5302	0.5922
14	0.0014	0.0	0.0	0.0	0.5746	0.6404
15	0.0016	0.0	0.0	0.0	0.6192	0.6748
16	0.0016	0.0	0.0	0.0	0.664	0.7084
17	0.0018	0.0	0.0	0.0	0.7082	0.743
18	0.0018	0.0	0.0	0.0	0.7492	0.7762
19	0.0022	0.0	0.0	0.0	0.792	0.8054
20	0.0022	0.0	0.0	0.0	0.8368	0.8414
21	0.0024	0.0	0.0	0.0	0.8808	0.8758
22	0.0024	0.0	0.0	0.0	0.924	0.9056
23	0.0024	0.0	0.0	0.0	0.9734	0.9392
24	0.0028	0.0	0.0	0.0	1.0186	0.972
25	0.0028	0.0	0.0	0.0	1.0616	1.005
26	0.0028	0.0	0.0	0.0	1.104	1.0382
27	0.0028	0.0	0.0	0.0	1.1486	1.0734
28	0.0028	0.0	0.0	0.0	1.1912	1.1094
29	0.0028	0.0	0.0	0.0	1.2374	1.1404
30	0.0028	0.0	0.0	0.0	1.2806	1.1724
31	0.0028	0.0	0.0	0.0	1.3172	1.2016
32	0.003	0.0	0.0	0.0	1.3546	1.2374
33	0.0034	0.0	0.0	0.0	1.3944	1.2728
34	0.0034	0.0	0.0	0.0	1.436	1.307
35	0.0036	0.0	0.0	0.0	1.4746	1.3384
36	0.0044	0.0	0.0	0.0	1.5134	1.3678
37	0.0046	0.0	0.0	0.0	1.5514	1.4008
38	0.0048	0.0	0.0	0.0	1.593	1.4304
39	0.0056	0.0	0.0	0.0	1.6306	1.4632
40	0.0068	0.0	0.0	0.0	1.6696	1.4922
41	0.0076	0.0	0.0	0.0	1.702	1.5216
42	0.0086	0.0	0.0	2.0E-4	1.7368	1.549
43	0.0096	0.0	0.0	2.0E-4	1.7794	1.5752
44	0.0108	0.0	0.0	2.0E-4	1.8164	1.6038
45	0.0124	0.0	0.0	2.0E-4	1.8588	1.6286
46	0.0134	0.0	0.0	2.0E-4	1.8964	1.6614
47	0.016	0.0	0.0	2.0E-4	1.9372	1.6896
48	0.0174	0.0	0.0	2.0E-4	1.9754	1.7142
49	0.0216	0.0	0.0	2.0E-4	2.0112	1.7402
50	0.0254	0.0	0.0	2.0E-4	2.0494	1.7646
51	0.0304	0.0	0.0	2.0E-4	2.087	1.7904
52	0.0368	0.0	0.0	2.0E-4	2.1242	1.8194
53	0.043	0.0	0.0	2.0E-4	2.1592	1.8436
54	0.05	0.0	0.0	2.0E-4	2.1996	1.8712
55	0.057	0.0	0.0	2.0E-4	2.2356	1.9012
56	0.0642	0.0	0.0	2.0E-4	2.2756	1.93
57	0.0724	0.0	0.0	2.0E-4	2.3134	1.9542
58	0.0846	0.0	0.0	2.0E-4	2.3524	1.9842
59	0.0982	0.0	0.0	2.0E-4	2.3934	2.0136
60	0.1092	0.0	0.0	2.0E-4	2.435	2.0402
61	0.1282	0.0	0.0	2.0E-4	2.4738	2.0682
62	0.1438	0.0	0.0	2.0E-4	2.51	2.0954
63	0.1652	0.0	0.0	2.0E-4	2.5534	2.1226
64	0.1912	0.0	0.0	2.0E-4	2.5864	2.1478
>>END_MODULE
