##FastQC	0.12.1
>>Basic Statistics	pass
#Measure	Value
Filename	SRR5223500_1.fastq.gz
File type	Conventional base calls
Encoding	Sanger / Illumina 1.9
Total Sequences	500000
Total Bases	37.5 Mbp
Sequences flagged as poor quality	0
Sequence length	75
%GC	47
>>END_MODULE
>>Per base sequence quality	pass
#Base	Mean	Median	Lower Quartile	Upper Quartile	10th Percentile	90th Percentile
1	32.916776	33.0	33.0	33.0	33.0	33.0
2	32.93308	33.0	33.0	33.0	33.0	33.0
3	32.932578	33.0	33.0	33.0	33.0	33.0
4	36.888154	37.0	37.0	37.0	37.0	37.0
5	36.872198	37.0	37.0	37.0	37.0	37.0
6	36.85591	37.0	37.0	37.0	37.0	37.0
7	36.852876	37.0	37.0	37.0	37.0	37.0
8	36.850442	37.0	37.0	37.0	37.0	37.0
9	36.84674	37.0	37.0	37.0	37.0	37.0
10	36.839572	37.0	37.0	37.0	37.0	37.0
11	36.831088	37.0	37.0	37.0	37.0	37.0
12	36.815822	37.0	37.0	37.0	37.0	37.0
13	36.842598	37.0	37.0	37.0	37.0	37.0
14	39.393454	40.0	40.0	40.0	37.0	40.0
15	39.376922	40.0	40.0	40.0	37.0	40.0
16	39.322586	40.0	40.0	40.0	37.0	40.0
17	39.314544	40.0	40.0	40.0	37.0	40.0
18	39.329772	40.0	40.0	40.0	37.0	40.0
19	39.362008	40.0	40.0	40.0	37.0	40.0
20	39.345242	40.0	40.0	40.0	37.0	40.0
21	39.332788	40.0	40.0	40.0	37.0	40.0
22	39.305106	40.0	40.0	40.0	37.0	40.0
23	39.273716	40.0	40.0	40.0	37.0	40.0
24	39.221082	40.0	40.0	40.0	37.0	40.0
25	39.215898	40.0	40.0	40.0	37.0	40.0
26	39.158632	40.0	40.0	40.0	37.0	40.0
27	39.152506	40.0	40.0	40.0	37.0	40.0
28	39.136272	40.0	40.0	40.0	37.0	40.0
29	39.111282	40.0	40.0	40.0	37.0	40.0
30	39.082622	40.0	40.0	40.0	37.0	40.0
31	39.027534	40.0	40.0	40.0	37.0	40.0
32	38.966348	40.0	40.0	40.0	37.0	40.0
33	38.924568	40.0	40.0	40.0	37.0	40.0
34	38.876914	40.0	40.0	40.0	37.0	40.0
35	38.85605	40.0	40.0	40.0	37.0	40.0
36	38.85016	40.0	40.0	40.0	37.0	40.0
37	38.788414	40.0	40.0	40.0	37.0	40.0
38	38.746172	40.0	40.0	40.0	37.0	40.0
39	38.636286	40.0	37.0	40.0	37.0	40.0
40	38.611968	40.0	37.0	40.0	37.0	40.0
41	38.564404	40.0	37.0	40.0	37.0	40.0
42	38.511794	40.0	37.0	40.0	37.0	40.0
43	38.509412	40.0	37.0	40.0	37.0	40.0
44	38.483516	40.0	37.0	40.0	37.0	40.0
45	38.43694	40.0	37.0	40.0	37.0	40.0
46	38.37113	40.0	37.0	40.0	37.0	40.0
47	38.334568	40.0	37.0	40.0	37.0	40.0
48	38.164386	40.0	37.0	40.0	37.0	40.0
49	38.17895	40.0	37.0	40.0	37.0	40.0
50	38.110164	40.0	37.0	40.0	37.0	40.0
51	37.983446	40.0	37.0	40.0	33.0	40.0
52	37.94807	40.0	37.0	40.0	33.0	40.0
53	37.862972	40.0	37.0	40.0	33.0	40.0
54	37.700292	40.0	37.0	40.0	33.0	40.0
55	37.585956	40.0	37.0	40.0	33.0	40.0
56	37.473974	40.0	37.0	40.0	33.0	40.0
57	37.467328	40.0	37.0	40.0	33.0	40.0
58	37.342612	40.0	37.0	40.0	33.0	40.0
59	37.231802	37.0	37.0	40.0	33.0	40.0
60	37.49731	40.0	37.0	40.0	33.0	40.0
61	37.524364	37.0	37.0	40.0	33.0	40.0
62	37.432828	37.0	37.0	40.0	33.0	40.0
63	37.328628	37.0	37.0	40.0	33.0	40.0
64	37.221742	37.0	37.0	40.0	33.0	40.0
65	37.13863	37.0	37.0	40.0	33.0	40.0
66	37.025512	37.0	37.0	40.0	33.0	40.0
67	36.900596	37.0	37.0	40.0	33.0	40.0
68	36.753156	37.0	37.0	40.0	33.0	40.0
69	36.63594	37.0	37.0	40.0	33.0	40.0
70	36.530072	37.0	37.0	40.0	33.0	40.0
71	36.39294	37.0	37.0	37.0	33.0	40.0
72	36.36219	37.0	37.0	37.0	33.0	40.0
73	36.330704	37.0	37.0	37.0	33.0	40.0
74	36.25375	37.0	37.0	37.0	33.0	40.0
75	35.932254	37.0	37.0	37.0	33.0	40.0
>>END_MODULE
>>Per sequence quality scores	pass
#Quality	Count
9	1.0
10	0.0
11	0.0
12	0.0
13	2.0
14	1.0
15	3.0
16	10.0
17	26.0
18	43.0
19	92.0
20	150.0
21	238.0
22	336.0
23	515.0
24	625.0
25	841.0
26	1069.0
27	1395.0
28	1723.0
29	2156.0
30	2786.0
31	3591.0
32	4621.0
33	6412.0
34	9053.0
35	15091.0
36	30667.0
37	84016.0
38	232252.0
39	102285.0
>>END_MODULE
>>Per base sequence content	fail
#Base	G	A	T	C
1	31.01342686052351	13.109145510674864	10.378757110073847	45.49867051872778
2	20.910999999999998	16.9758	42.426199999999994	19.686999999999998
3	20.958199999999998	21.6204	28.2204	29.201
4	23.587600000000002	30.2804	24.6198	21.5122
5	24.3278	32.0926	25.7896	17.79
6	20.6616	29.9908	28.833599999999997	20.514
7	17.535600000000002	19.6468	43.166199999999996	19.6514
8	19.6286	19.8644	32.8282	27.6788
9	19.3568	21.3082	34.7366	24.5984
10	22.6386	33.3174	23.9098	20.1342
11	26.473082662250118	24.03758066000184	22.397777324388223	27.091559353359816
12	24.0706	21.5808	28.5378	25.8108
13	22.5582	23.971799999999998	29.400599999999997	24.069399999999998
14	22.467599999999997	24.961	29.3902	23.1812
15	23.4598	24.656200000000002	28.3232	23.5608
16	23.820800000000002	24.6522	27.622200000000003	23.9048
17	23.9306	24.915200000000002	27.388800000000003	23.7654
18	23.308799999999998	25.0872	27.504	24.099999999999998
19	23.877662457671697	25.010550822964188	27.032508535665784	24.079278183698328
20	23.7988	25.2836	27.4098	23.5078
21	23.5688	24.9972	27.721600000000002	23.7124
22	23.686	25.2156	27.2532	23.8452
23	23.42503070135086	25.432719039637746	27.85502562112733	23.287224637884066
24	23.188	25.27	27.8022	23.7398
25	23.53	24.976599999999998	27.228400000000004	24.265
26	23.21828274241136	25.583437515627345	27.917787668150222	23.28049207381107
27	23.121113165414076	25.146269038986404	27.926981535284657	23.80563626031487
28	23.538	25.235999999999997	27.232400000000002	23.9936
29	23.558176930830893	25.324205187282995	27.657242515880252	23.460375366005856
30	23.349381636926967	25.17056739787458	27.764832012865316	23.71521895233314
31	23.46614446335809	25.402203895321975	27.052224998149754	24.079426643170184
32	23.4038	25.5466	27.6218	23.427799999999998
33	23.3746	25.1502	27.5904	23.884800000000002
34	24.054755279587596	25.21059338223674	26.663892761908954	24.07075857626671
35	23.790717866845924	25.409229316464003	27.482884591530926	23.31716822515915
36	23.88727774555491	25.096901938038762	27.2497449948999	23.76607532150643
37	23.924653752910395	25.14481969547859	26.8888568845363	24.04166966707472
38	23.76247724590426	25.483587045668223	27.305915064711648	23.448020643715868
39	23.415	25.016199999999998	27.5726	23.9962
40	23.83927374715182	25.0617646999986	26.82918534611238	24.269776206737205
41	23.691926500109076	25.6142836842811	27.313883601822887	23.37990621378693
42	23.392125530151027	25.057770942717656	27.556639553371543	23.993463973759777
43	23.856286993648652	25.03247734592527	26.96850748330094	24.14272817712514
44	23.53980848372272	25.577471216512677	27.519455875994815	23.3632644237698
45	23.44124280331153	24.993746360381742	27.7883728329888	23.77663800331793
46	23.717203644984146	24.938133295989918	26.96267992357937	24.381983135446568
47	23.644084578318555	25.47050740190303	27.472151602495504	23.413256417282906
48	23.522339450826003	24.88307146943854	27.60253501854453	23.99205406119093
49	23.818385560491457	25.12746628246688	26.7929323248089	24.26121583223276
50	23.54861175039124	25.513013964546303	27.29230288936829	23.646071395694165
51	23.376272353784426	24.957354625321344	27.525487118293864	24.140885902600367
52	23.7373322898256	25.130054824188296	26.823619837589096	24.308993048397006
53	23.62677260806683	25.5079526064265	27.370128766010733	23.495146019495937
54	23.474600000000002	25.141000000000002	27.4374	23.947
55	23.83612886448425	25.026555045458636	26.756483731909064	24.380832358148048
56	23.55701219939213	25.315989667433	27.51336090552024	23.613637227654625
57	23.313700855453217	25.096228483631155	27.498139449276987	24.091931211638645
58	23.6596	25.1566	26.9782	24.2056
59	23.544	25.4664	27.506999999999998	23.4826
60	23.4496	25.190600000000003	27.5656	23.7942
61	23.8744	25.062600000000003	26.9854	24.0776
62	23.4756	25.3734	27.4146	23.7364
63	23.4658	25.0768	27.67	23.7874
64	23.764207983071426	24.962248716456358	27.159323416996177	24.114219883476036
65	23.875925270355946	25.437359621911682	27.20179843956567	23.4849166681667
66	23.356074379421454	24.8673438978193	27.763277110747094	24.013304612012153
67	23.926488354788898	25.174418139486505	26.747181706897514	24.15191179882708
68	23.860822535932442	25.374525467731807	27.26185380605881	23.502798190276938
69	23.72762709728775	25.195053510963195	27.359492470864478	23.717826920884576
70	24.0652	25.0934	26.802999999999997	24.0384
71	23.9478	25.446400000000004	27.16	23.4458
72	23.589	25.324799999999996	27.367599999999996	23.718600000000002
73	23.9298	25.476	26.6526	23.941599999999998
74	23.8826	25.537599999999998	27.0352	23.5446
75	23.884495537982154	25.320301281205126	27.037908151632607	23.757295029180117
>>END_MODULE
>>Per sequence GC content	pass
#GC Content	Count
0	6.0
1	4.5
2	1.5
3	1.0
4	2.0
5	2.0
6	2.5
7	3.0
8	3.0
9	5.5
10	8.0
11	11.0
12	14.0
13	24.0
14	48.5
15	78.5
16	94.0
17	125.0
18	239.0
19	437.5
20	553.0
21	688.0
22	1097.0
23	1605.5
24	1840.0
25	2283.5
26	3270.5
27	4429.5
28	5045.0
29	5789.0
30	7345.0
31	9050.0
32	9943.0
33	10609.5
34	12214.0
35	13968.5
36	14785.0
37	15633.5
38	17290.0
39	19094.0
40	20090.0
41	20806.5
42	22176.5
43	23050.5
44	23271.0
45	23390.5
46	23636.5
47	23797.5
48	23832.0
49	23404.5
50	23101.0
51	22367.0
52	21509.0
53	21056.5
54	19987.0
55	18685.5
56	18001.0
57	17074.5
58	15455.5
59	13808.5
60	12854.0
61	12249.5
62	11076.0
63	9652.5
64	8798.0
65	7809.0
66	6060.0
67	4728.5
68	4157.0
69	3601.0
70	2544.0
71	1743.0
72	1443.0
73	1187.0
74	758.5
75	505.5
76	425.0
77	340.0
78	200.0
79	134.0
80	123.0
81	101.5
82	62.5
83	34.0
84	23.0
85	17.5
86	10.0
87	7.5
88	7.0
89	6.5
90	5.0
91	3.0
92	2.0
93	1.5
94	0.5
95	0.5
96	1.0
97	1.0
98	0.5
99	0.0
100	0.0
>>END_MODULE
>>Per base N content	pass
#Base	N-Count
1	0.0362
2	0.0
3	0.0
4	0.0
5	0.0
6	0.0
7	0.0
8	0.0
9	0.0
10	0.0
11	0.012400000000000001
12	0.0
13	0.0
14	0.0
15	0.0
16	0.0
17	0.0
18	0.0
19	0.0078
20	0.0
21	0.0
22	0.0
23	0.0044
24	0.0
25	0.0
26	0.015
27	0.0472
28	0.0
29	0.0015999999999999999
30	0.0102
31	0.0134
32	0.0
33	0.0
34	0.0206
35	0.031599999999999996
36	0.002
37	0.0136
38	0.018000000000000002
39	0.0
40	0.0238
41	0.0706
42	0.12279999999999999
43	0.0842
44	0.0816
45	0.0582
46	0.027
47	0.012199999999999999
48	0.024399999999999998
49	0.052
50	0.061200000000000004
51	0.10640000000000001
52	0.08059999999999999
53	0.0202
54	0.0
55	0.019
56	0.0442
57	0.029599999999999998
58	0.0
59	0.0
60	0.0
61	0.0
62	0.0
63	0.0
64	0.0034
65	0.0022
66	0.0046
67	0.0104
68	0.0068
69	0.0018
70	0.0
71	0.0
72	0.0
73	0.0
74	0.0
75	3.9999999999999996E-4
>>END_MODULE
>>Sequence Length Distribution	pass
#Length	Count
75	500000.0
>>END_MODULE
>>Sequence Duplication Levels	pass
#Total Deduplicated Percentage	78.63577777801754
#Duplication Level	Percentage of total
1	71.32479487551755
2	8.37367071177858
3	3.5729551109137914
4	2.2510857467601957
5	1.6585366726951434
6	1.3715192151605915
7	1.0956218411720402
8	0.9190356158097571
9	0.7625562480836348
>10	7.468372812682351
>50	0.8991330117059526
>100	0.3027181377203987
>500	0.0
>1k	0.0
>5k	0.0
>10k+	0.0
>>END_MODULE
>>Overrepresented sequences	pass
>>END_MODULE
>>Adapter Content	pass
#Position	Illumina Universal Adapter	Illumina Small RNA 3' Adapter	Illumina Small RNA 5' Adapter	Nextera Transposase Sequence	PolyA	PolyG
1	6.0E-4	0.0	0.0	0.0	0.0166	4.0E-4
2	6.0E-4	0.0	0.0	0.0	0.0254	6.0E-4
3	6.0E-4	0.0	0.0	0.0	0.0288	6.0E-4
4	6.0E-4	0.0	0.0	0.0	0.0372	6.0E-4
5	6.0E-4	0.0	0.0	0.0	0.041	6.0E-4
6	6.0E-4	0.0	0.0	0.0	0.0456	6.0E-4
7	6.0E-4	0.0	0.0	0.0	0.0492	6.0E-4
8	6.0E-4	2.0E-4	0.0	0.0	0.0562	6.0E-4
9	6.0E-4	2.0E-4	0.0	0.0	0.0668	6.0E-4
10	8.0E-4	2.0E-4	0.0	0.0	0.0788	6.0E-4
11	8.0E-4	2.0E-4	0.0	0.0	0.0828	6.0E-4
12	0.0014	2.0E-4	0.0	0.0	0.0874	6.0E-4
13	0.0014	2.0E-4	0.0	0.0	0.091	8.0E-4
14	0.0014	2.0E-4	0.0	0.0	0.0974	8.0E-4
15	0.0016	2.0E-4	0.0	0.0	0.1012	8.0E-4
16	0.0016	2.0E-4	0.0	0.0	0.106	8.0E-4
17	0.0018	2.0E-4	0.0	0.0	0.1108	0.001
18	0.0018	2.0E-4	0.0	0.0	0.1146	0.0012
19	0.0022	2.0E-4	0.0	0.0	0.1192	0.0012
20	0.0022	2.0E-4	0.0	0.0	0.1238	0.0014
21	0.0024	2.0E-4	0.0	0.0	0.1292	0.0016
22	0.0024	2.0E-4	0.0	0.0	0.1352	0.0016
23	0.0024	4.0E-4	0.0	0.0	0.1454	0.0016
24	0.0028	4.0E-4	0.0	0.0	0.1522	0.0018
25	0.0028	4.0E-4	0.0	0.0	0.1582	0.0018
26	0.0028	4.0E-4	0.0	0.0	0.168	0.002
27	0.0028	4.0E-4	0.0	0.0	0.1736	0.0024
28	0.0028	4.0E-4	0.0	0.0	0.181	0.003
29	0.0028	4.0E-4	0.0	0.0	0.1848	0.0032
30	0.0028	4.0E-4	0.0	0.0	0.1906	0.0034
31	0.0028	4.0E-4	0.0	0.0	0.1954	0.0034
32	0.003	4.0E-4	0.0	0.0	0.1986	0.0036
33	0.0034	4.0E-4	0.0	0.0	0.202	0.0038
34	0.0034	4.0E-4	0.0	0.0	0.2084	0.0042
35	0.0036	6.0E-4	0.0	0.0	0.2146	0.0048
36	0.0044	6.0E-4	0.0	0.0	0.219	0.0056
37	0.0046	6.0E-4	0.0	0.0	0.2274	0.0058
38	0.0048	6.0E-4	0.0	0.0	0.232	0.0062
39	0.0056	6.0E-4	0.0	0.0	0.236	0.0064
40	0.0068	6.0E-4	0.0	4.0E-4	0.241	0.007
41	0.0076	8.0E-4	0.0	4.0E-4	0.2464	0.0074
42	0.0086	8.0E-4	0.0	4.0E-4	0.253	0.0088
43	0.0096	8.0E-4	0.0	4.0E-4	0.257	0.01
44	0.0108	8.0E-4	0.0	4.0E-4	0.2638	0.0104
45	0.0126	0.001	0.0	4.0E-4	0.2694	0.0112
46	0.0136	0.001	0.0	4.0E-4	0.2732	0.0118
47	0.0162	0.001	0.0	4.0E-4	0.2796	0.0124
48	0.0176	0.001	0.0	4.0E-4	0.2832	0.0128
49	0.0218	0.001	0.0	4.0E-4	0.2894	0.0136
50	0.0254	0.001	0.0	4.0E-4	0.2944	0.014
51	0.0304	0.001	0.0	4.0E-4	0.2976	0.0144
52	0.037	0.001	0.0	4.0E-4	0.301	0.0156
53	0.0434	0.001	0.0	4.0E-4	0.3044	0.0162
54	0.0504	0.001	0.0	4.0E-4	0.3096	0.0172
55	0.0574	0.001	0.0	4.0E-4	0.3138	0.0176
56	0.0644	0.001	0.0	4.0E-4	0.3184	0.0184
57	0.0726	0.001	0.0	4.0E-4	0.3236	0.0202
58	0.0852	0.0012	0.0	4.0E-4	0.3264	0.0214
59	0.0988	0.0012	0.0	4.0E-4	0.3296	0.0222
60	0.1098	0.0012	0.0	4.0E-4	0.334	0.0228
61	0.1294	0.0012	0.0	4.0E-4	0.338	0.0236
62	0.1452	0.0012	0.0	4.0E-4	0.3434	0.0246
63	0.1664	0.0012	0.0	4.0E-4	0.3478	0.0254
64	0.1922	0.0012	0.0	6.0E-4	0.3532	0.0274
>>END_MODULE
