##FastQC	0.12.1
>>Basic Statistics	pass
#Measure	Value
Filename	SRR5223500_1.trimmed.fastq.gz
File type	Conventional base calls
Encoding	Sanger / Illumina 1.9
Total Sequences	409951
Total Bases	30.6 Mbp
Sequences flagged as poor quality	0
Sequence length	50-75
%GC	47
>>END_MODULE
>>Per base sequence quality	pass
#Base	Mean	Median	Lower Quartile	Upper Quartile	10th Percentile	90th Percentile
1	32.96141977943705	33.0	33.0	33.0	33.0	33.0
2	32.96937194933053	33.0	33.0	33.0	33.0	33.0
3	32.96781810509061	33.0	33.0	33.0	33.0	33.0
4	36.93991720961773	37.0	37.0	37.0	37.0	37.0
5	36.93157962780918	37.0	37.0	37.0	37.0	37.0
6	36.92334205795327	37.0	37.0	37.0	37.0	37.0
7	36.91684615966298	37.0	37.0	37.0	37.0	37.0
8	36.916968125458894	37.0	37.0	37.0	37.0	37.0
9	36.913211578944804	37.0	37.0	37.0	37.0	37.0
10	36.90997948535313	37.0	37.0	37.0	37.0	37.0
11	36.91070884081268	37.0	37.0	37.0	37.0	37.0
12	36.89679010418318	37.0	37.0	37.0	37.0	37.0
13	36.916458308431984	37.0	37.0	37.0	37.0	37.0
14	39.5306658600662	40.0	40.0	40.0	37.0	40.0
15	39.5194742786333	40.0	40.0	40.0	37.0	40.0
16	39.47245890362507	40.0	40.0	40.0	37.0	40.0
17	39.46940975872726	40.0	40.0	40.0	37.0	40.0
18	39.48439691572895	40.0	40.0	40.0	37.0	40.0
19	39.519840176021034	40.0	40.0	40.0	37.0	40.0
20	39.50226246551417	40.0	40.0	40.0	37.0	40.0
21	39.49216857624448	40.0	40.0	40.0	37.0	40.0
22	39.47021473298028	40.0	40.0	40.0	37.0	40.0
23	39.44865361957893	40.0	40.0	40.0	37.0	40.0
24	39.40881227268625	40.0	40.0	40.0	37.0	40.0
25	39.40877324363156	40.0	40.0	40.0	37.0	40.0
26	39.3774524272413	40.0	40.0	40.0	37.0	40.0
27	39.390800363945935	40.0	40.0	40.0	37.0	40.0
28	39.374198379806366	40.0	40.0	40.0	37.0	40.0
29	39.35713780427417	40.0	40.0	40.0	37.0	40.0
30	39.33337642791456	40.0	40.0	40.0	37.0	40.0
31	39.29916502216118	40.0	40.0	40.0	37.0	40.0
32	39.245592765964716	40.0	40.0	40.0	37.0	40.0
33	39.21843830116282	40.0	40.0	40.0	37.0	40.0
34	39.19267424643433	40.0	40.0	40.0	37.0	40.0
35	39.183085295559714	40.0	40.0	40.0	37.0	40.0
36	39.174072023241806	40.0	40.0	40.0	37.0	40.0
37	39.12744693878049	40.0	40.0	40.0	37.0	40.0
38	39.09444543372257	40.0	40.0	40.0	37.0	40.0
39	39.00162458440155	40.0	40.0	40.0	37.0	40.0
40	38.9914160472837	40.0	40.0	40.0	37.0	40.0
41	38.9670814316833	40.0	40.0	40.0	37.0	40.0
42	38.93047949633005	40.0	40.0	40.0	37.0	40.0
43	38.925056897043795	40.0	37.0	40.0	37.0	40.0
44	38.89761459296355	40.0	37.0	40.0	37.0	40.0
45	38.855690070276694	40.0	37.0	40.0	37.0	40.0
46	38.79473156547978	40.0	37.0	40.0	37.0	40.0
47	38.755412232193606	40.0	37.0	40.0	37.0	40.0
48	38.60225002500299	40.0	37.0	40.0	37.0	40.0
49	38.61955209281109	40.0	37.0	40.0	37.0	40.0
50	38.566992152720694	40.0	37.0	40.0	37.0	40.0
51	38.47850248682119	40.0	37.0	40.0	37.0	40.0
52	38.44742957823921	40.0	37.0	40.0	37.0	40.0
53	38.37254734081719	40.0	37.0	40.0	37.0	40.0
54	38.23195325967717	40.0	37.0	40.0	37.0	40.0
55	38.13633711666217	40.0	37.0	40.0	37.0	40.0
56	38.052685696897115	40.0	37.0	40.0	33.0	40.0
57	38.039784840595374	40.0	37.0	40.0	33.0	40.0
58	37.928504527005934	40.0	37.0	40.0	33.0	40.0
59	37.82563509540271	40.0	37.0	40.0	33.0	40.0
60	38.055176828292524	40.0	37.0	40.0	37.0	40.0
61	38.074633264182836	40.0	37.0	40.0	37.0	40.0
62	37.990161824426785	40.0	37.0	40.0	37.0	40.0
63	37.89779067557997	37.0	37.0	40.0	37.0	40.0
64	37.80311211006002	37.0	37.0	40.0	37.0	40.0
65	37.71527736576684	37.0	37.0	40.0	37.0	40.0
66	37.611637079891715	37.0	37.0	40.0	33.0	40.0
67	37.50200024275392	37.0	37.0	40.0	33.0	40.0
68	37.37499845008146	37.0	37.0	40.0	33.0	40.0
69	37.26171695578877	37.0	37.0	40.0	33.0	40.0
70	37.16187796134896	37.0	37.0	40.0	33.0	40.0
71	37.037690431146075	37.0	37.0	40.0	33.0	40.0
72	37.005133854029076	37.0	37.0	37.0	33.0	40.0
73	36.94632526649021	37.0	37.0	37.0	33.0	40.0
74	36.858076099958296	37.0	37.0	37.0	33.0	40.0
75	36.53841058112706	37.0	37.0	37.0	33.0	40.0
>>END_MODULE
>>Per sequence quality scores	pass
#Quality	Count
27	4.0
28	42.0
29	132.0
30	447.0
31	1062.0
32	2215.0
33	3986.0
34	6475.0
35	11871.0
36	25218.0
37	70348.0
38	198907.0
39	89244.0
>>END_MODULE
>>Per base sequence content	fail
#Base	G	A	T	C
1	31.050540186510094	13.072537937460819	10.459054862654318	45.41786701337477
2	20.897863403187213	16.99934870264983	42.57411251588604	19.528675378276915
3	20.960309890694255	21.598922798090502	28.338752680198365	29.102014631016875
4	23.490368361096813	30.33655241724011	24.70807486748416	21.465004354178916
5	24.145812548328944	32.191408241472764	25.89894889877083	17.763830311427466
6	20.58758241838659	30.15579910769824	28.846130391193093	20.410488082722082
7	17.36280677446817	19.633565962761406	43.46934145788155	19.534285804888878
8	19.570387680478888	19.935553273439997	32.90173703686538	27.592322009215735
9	19.242787552658733	21.281811728718797	34.89953677390712	24.575863944715344
10	22.431461320987143	33.592795236503875	23.992867440255054	19.982876002253928
11	26.308266109852152	24.2233827945291	22.48732165551493	26.981029440103814
12	23.89992950376996	21.67259013882147	28.692453488343727	25.735026869064843
13	22.427802347109775	24.092391529719407	29.50718500503719	23.97262111813363
14	22.276320828586833	25.068361828608786	29.604025846991473	23.051291495812915
15	23.274732833924055	24.754177938338973	28.482672319374753	23.48841690836222
16	23.62087176272286	24.737102726911264	27.831618900795462	23.81040660957041
17	23.734056021329376	25.010062178162755	27.56914850799242	23.686733292515445
18	23.15496242233828	25.203987793663146	27.617690894765474	24.023358889233105
19	23.76967003373574	25.140321648196977	27.209837273235095	23.88017104483219
20	23.64843603259902	25.419379389244078	27.572563550277962	23.35962102787894
21	23.387673160938746	25.13032045293218	27.81991018438789	23.662096201741186
22	23.554034506562978	25.410597851938405	27.353512980819662	23.681854660678958
23	23.275708560291353	25.538174074462557	28.00944503123544	23.17667233401065
24	23.0071398776927	25.477435108098284	27.890162482833315	23.6252625313757
25	23.345716927144952	25.13422335840137	27.363758107676283	24.156301606777394
26	23.01982432046757	25.754297464818965	28.051401265029234	23.17447694968423
27	22.90054177206544	25.302780088352023	28.06554929735505	23.731128842227488
28	23.330837100043663	25.409134262387457	27.3759546872675	23.884073950301378
29	23.37230547065381	25.437918190222735	27.811616510265864	23.378159828857594
30	23.10666396715705	25.355225380594266	27.876258382099323	23.661852270149357
31	23.247656427231547	25.557444670216682	27.22349744237726	23.97140146017451
32	23.153498832787335	25.738685842942203	27.755756175738078	23.352059148532387
33	23.144717295481655	25.350834611941426	27.7179467790053	23.786501313571623
34	23.814553446631425	25.37937460818488	26.814912026071408	23.991159919112285
35	23.534519979217027	25.527441084422286	27.699651909618467	23.23838702674222
36	23.622335352273808	25.26814180231296	27.404494683510954	23.705028161902277
37	23.67136560223051	25.30985410451493	27.06664942883418	23.952130864420383
38	23.484828156521612	25.65735710609191	27.485686825048727	23.37212791233775
39	23.154474559154632	25.20325599888767	27.749413954350644	23.892855487607058
40	23.520371946891213	25.26814180231296	27.03469439030518	24.176791860490642
41	23.435239821344503	25.802351988408372	27.47572270832368	23.28668548192345
42	23.172543690362623	25.290272840611607	27.644416685168334	23.89276678385744
43	23.626726120926648	25.195206256357466	27.144951469809808	24.03311615290608
44	23.265951296618375	25.836990274447437	27.673795160885085	23.223263268049106
45	23.223019336457284	25.186180787459968	27.92553256364785	23.6652673124349
46	23.49110015587229	25.10763481489251	27.173735397645082	24.227529631590116
47	23.435727684528153	25.63599064278414	27.677698066354274	23.25058360633344
48	23.32229949432981	25.044700464201817	27.763561986676454	23.869438054791914
49	23.57257330754163	25.340589485084802	26.984688413981182	24.10214879339238
50	23.30400462494298	25.67453183429239	27.49670082522058	23.524762715544053
51	23.15892797843455	25.142353446760303	27.739632371613304	23.95908620319184
52	23.517825680024828	25.3188437317485	27.01869197703885	24.144638611187816
53	23.39459528218576	25.677424405136122	27.549530200028865	23.37845011264925
54	23.249686569503215	25.315879172543486	27.591433552734678	23.843000705218618
55	23.536636187581202	25.251146029956118	26.96957811389209	24.242639668570586
56	23.352605695326535	25.4925250066259	27.696003847928303	23.458865450119266
57	23.071670678390728	25.246843837500617	27.68187846932259	23.99960701478607
58	23.406943785476706	25.376799801367323	27.193010489673803	24.02324592348217
59	23.207893021024272	25.70841585985459	27.757451991093284	23.32623912802785
60	23.201743048118466	25.36676637492768	27.76444231076972	23.66704826618413
61	23.6341954971691	25.230980738054292	27.194624985833183	23.940198778943426
62	23.191957846253235	25.541531155455505	27.650697918695737	23.615813079595522
63	23.161507957072033	25.30765946840984	27.891085957106583	23.63974661741154
64	23.444315459283228	25.12806579889841	27.403364042779167	24.024254699039197
65	23.60179966379907	25.571788786710176	27.528428755067736	23.29798279442302
66	23.05714610934322	25.0295702782823	27.9977333577484	23.915550254626076
67	23.53350623357386	25.365307492426325	27.072511586545488	24.02867468745433
68	23.514372084603234	25.511659107197325	27.553335796670524	23.420633011528913
69	23.35446196473927	25.333750443800575	27.67999682201549	23.63179076944467
70	23.73702972659882	25.251450532732072	27.116634266878137	23.894885473790975
71	23.600268843970927	25.522503236084837	27.505725380862295	23.37150253908195
72	23.20526942765004	25.432265524924112	27.704369757113877	23.65809529031197
73	23.533461890589958	25.612497162343868	26.99877014112194	23.855270805944233
74	23.54793518243363	25.55369374723746	27.421856075835255	23.47651499449365
75	23.463314276572184	25.42240265178123	27.455734901870592	23.658548169775994
>>END_MODULE
>>Per sequence GC content	pass
#GC Content	Count
0	0.0
1	0.0
2	0.0
3	0.0
4	0.5
5	1.5
6	1.5
7	1.0
8	2.0
9	5.0
10	7.0
11	10.5
12	15.0
13	23.5
14	41.5
15	67.0
16	90.5
17	119.5
18	212.5
19	371.0
20	457.5
21	559.0
22	901.0
23	1353.0
24	1569.5
25	1951.0
26	2758.0
27	3729.0
28	4272.5
29	4902.0
30	6241.0
31	7712.5
32	8475.0
33	9035.0
34	10375.0
35	11870.0
36	12598.0
37	13315.0
38	14623.5
39	16121.0
40	17014.0
41	17535.5
42	18592.0
43	19286.0
44	19432.5
45	19458.0
46	19646.5
47	19744.0
48	19686.0
49	19348.0
50	19053.5
51	18321.0
52	17560.5
53	17249.0
54	16327.5
55	15159.5
56	14590.0
57	13788.5
58	12402.0
59	11036.5
60	10224.0
61	9711.5
62	8718.5
63	7549.0
64	6886.0
65	6098.5
66	4721.5
67	3683.0
68	3207.0
69	2753.0
70	1922.0
71	1309.0
72	1093.0
73	878.5
74	550.0
75	361.0
76	287.5
77	224.0
78	129.5
79	79.5
80	64.0
81	51.0
82	33.0
83	16.0
84	7.0
85	4.5
86	3.0
87	1.5
88	0.5
89	0.0
90	0.0
91	0.0
92	0.0
93	0.0
94	0.0
95	0.0
96	0.0
97	0.0
98	0.0
99	0.0
100	0.0
>>END_MODULE
>>Per base N content	pass
#Base	N-Count
1	0.0
2	0.0
3	0.0
4	0.0
5	0.0
6	0.0
7	0.0
8	0.0
9	0.0
10	0.0
11	0.0
12	0.0
13	0.0
14	0.0
15	0.0
16	0.0
17	0.0
18	0.0
19	0.0
20	0.0
21	0.0
22	0.0
23	0.0
24	0.0
25	0.0
26	0.0
27	0.0
28	0.0
29	0.0
30	0.0
31	0.0
32	0.0
33	0.0
34	0.0
35	0.0
36	0.0
37	0.0
38	0.003415042285541443
39	0.0
40	0.0
41	0.0
42	0.019026664162302323
43	0.0
44	0.0
45	0.0
46	0.0
47	0.0
48	0.0
49	0.0
50	0.0
51	0.003662475980261696
52	0.0
53	0.0
54	0.0
55	0.0
56	0.0
57	0.0
58	0.0
59	0.0
60	0.0
61	0.0
62	0.0
63	0.0
64	0.0
65	0.0
66	0.0
67	0.0
68	0.0
69	0.0
70	0.0
71	0.0
72	0.0
73	0.0
74	0.0
75	0.0
>>END_MODULE
>>Sequence Length Distribution	warn
#Length	Count
50	392.0
51	346.0
52	422.0
53	407.0
54	454.0
55	438.0
56	352.0
57	359.0
58	346.0
59	250.0
60	307.0
61	315.0
62	326.0
63	367.0
64	350.0
65	398.0
66	421.0
67	454.0
68	476.0
69	505.0
70	546.0
71	462.0
72	399.0
73	412.0
74	414.0
75	400033.0
>>END_MODULE
>>Sequence Duplication Levels	pass
#Total Deduplicated Percentage	80.10277207466335
#Duplication Level	Percentage of total
1	72.97208640493822
2	8.21186172899781
3	3.469204243573572
4	2.290628644314296
5	1.6511942439444496
6	1.3241816479598403
7	1.031990829359637
8	0.8470578083998981
9	0.8111365110496596
>10	6.516229532539637
>50	0.6807892747627012
>100	0.19363913016026618
>500	0.0
>1k	0.0
>5k	0.0
>10k+	0.0
>>END_MODULE
>>Overrepresented sequences	pass
>>END_MODULE
>>Adapter Content	pass
#Position	Illumina Universal Adapter	Illumina Small RNA 3' Adapter	Illumina Small RNA 5' Adapter	Nextera Transposase Sequence	PolyA	PolyG
1	0.0	0.0	0.0	0.0	0.004390768652838998	0.0
2	0.0	0.0	0.0	0.0	0.006342221387434108	0.0
3	0.0	0.0	0.0	0.0	0.007805810938380441	0.0
4	0.0	0.0	0.0	0.0	0.01000119526479994	0.0
5	0.0	0.0	0.0	0.0	0.012196579591219439	0.0
6	0.0	0.0	0.0	0.0	0.01390410073399016	0.0
7	0.0	0.0	0.0	0.0	0.015367690284936493	0.0
8	0.0	2.4393159182438878E-4	0.0	0.0	0.017319143019531604	0.0
9	0.0	2.4393159182438878E-4	0.0	0.0	0.02000239052959988	0.0
10	0.0	2.4393159182438878E-4	0.0	0.0	0.022685638039668155	0.0
11	0.0	2.4393159182438878E-4	0.0	0.0	0.024393159182438878	0.0
12	4.8786318364877756E-4	2.4393159182438878E-4	0.0	0.0	0.026588543508858375	0.0
13	4.8786318364877756E-4	2.4393159182438878E-4	0.0	0.0	0.02756426987615593	0.0
14	4.8786318364877756E-4	2.4393159182438878E-4	0.0	0.0	0.02975965420257543	0.0
15	7.317947754731663E-4	2.4393159182438878E-4	0.0	0.0	0.03171110693717054	0.0
16	7.317947754731663E-4	2.4393159182438878E-4	0.0	0.0	0.034150422855414427	0.0
17	9.757263672975551E-4	2.4393159182438878E-4	0.0	0.0	0.03585794399818515	0.0
18	9.757263672975551E-4	2.4393159182438878E-4	0.0	0.0	0.03732153354913148	0.0
19	0.0012196579591219438	2.4393159182438878E-4	0.0	0.0	0.039272986283726594	0.0
20	0.0012196579591219438	2.4393159182438878E-4	0.0	0.0	0.0412244390183217	0.0
21	0.0012196579591219438	2.4393159182438878E-4	0.0	0.0	0.04293196016109242	0.0
22	0.0012196579591219438	2.4393159182438878E-4	0.0	0.0	0.04659093403845826	0.0
23	0.0012196579591219438	4.8786318364877756E-4	0.0	0.0	0.05195742905859481	0.0
24	0.0017075211427707213	4.8786318364877756E-4	0.0	0.0	0.05464067656866308	0.0
25	0.0017075211427707213	4.8786318364877756E-4	0.0	0.0	0.05732392407873136	0.0
26	0.0017075211427707213	4.8786318364877756E-4	0.0	0.0	0.062202555915219136	0.0
27	0.0017075211427707213	4.8786318364877756E-4	0.0	0.0	0.06488580342528741	2.4393159182438878E-4
28	0.0017075211427707213	4.8786318364877756E-4	0.0	0.0	0.07000836685359958	2.4393159182438878E-4
29	0.0017075211427707213	4.8786318364877756E-4	0.0	0.0	0.07220375118001908	2.4393159182438878E-4
30	0.0017075211427707213	4.8786318364877756E-4	0.0	0.0	0.07513093028191174	2.4393159182438878E-4
31	0.0017075211427707213	4.8786318364877756E-4	0.0	0.0	0.07781417779198002	2.4393159182438878E-4
32	0.0017075211427707213	4.8786318364877756E-4	0.0	0.0	0.07976563052657512	2.4393159182438878E-4
33	0.0017075211427707213	4.8786318364877756E-4	0.0	0.0	0.08293674122029218	2.4393159182438878E-4
34	0.0017075211427707213	4.8786318364877756E-4	0.0	0.0	0.08854716783225312	2.4393159182438878E-4
35	0.0017075211427707213	7.317947754731663E-4	0.0	0.0	0.09366973126056528	2.4393159182438878E-4
36	0.0017075211427707213	7.317947754731663E-4	0.0	0.0	0.09757263672975551	2.4393159182438878E-4
37	0.0017075211427707213	7.317947754731663E-4	0.0	0.0	0.10537844766813595	2.4393159182438878E-4
38	0.0017075211427707213	7.317947754731663E-4	0.0	0.0	0.10903742154550178	2.4393159182438878E-4
39	0.0017075211427707213	7.317947754731663E-4	0.0	0.0	0.1126963954228676	4.8786318364877756E-4
40	0.0017075211427707213	7.317947754731663E-4	0.0	4.8786318364877756E-4	0.11684323248388222	4.8786318364877756E-4
41	0.0017075211427707213	9.757263672975551E-4	0.0	4.8786318364877756E-4	0.12294152227949194	4.8786318364877756E-4
42	0.0017075211427707213	9.757263672975551E-4	0.0	4.8786318364877756E-4	0.12928374366692605	7.317947754731663E-4
43	0.0017075211427707213	9.757263672975551E-4	0.0	4.8786318364877756E-4	0.13269878595246748	0.0012196579591219438
44	0.0017075211427707213	9.757263672975551E-4	0.0	4.8786318364877756E-4	0.13977280211537477	0.0012196579591219438
45	0.0017075211427707213	0.0012196579591219438	0.0	4.8786318364877756E-4	0.14465143395186253	0.0014635895509463326
46	0.0017075211427707213	0.0012196579591219438	0.0	4.8786318364877756E-4	0.14831040782922836	0.0014635895509463326
47	0.0017075211427707213	0.0012196579591219438	0.0	4.8786318364877756E-4	0.15538442399213565	0.0014635895509463326
48	0.0017075211427707213	0.0012196579591219438	0.0	4.8786318364877756E-4	0.15904339786950147	0.0014635895509463326
49	0.0017075211427707213	0.0012196579591219438	0.0	4.8786318364877756E-4	0.16465382448146243	0.0014635895509463326
50	0.0017075211427707213	0.0012196579591219438	0.0	4.8786318364877756E-4	0.1695324563179502	0.0017075211427707213
51	0.0017075211427707213	0.0012196579591219438	0.0	4.8786318364877756E-4	0.17245963541984285	0.0017075211427707213
52	0.0017075211427707213	0.0012196579591219438	0.0	4.8786318364877756E-4	0.17538681452173552	0.0017075211427707213
53	0.0017075211427707213	0.0012196579591219438	0.0	4.8786318364877756E-4	0.1780700620318038	0.0019514527345951102
54	0.0017075211427707213	0.0012196579591219438	0.0	4.8786318364877756E-4	0.1822168990928184	0.0024393159182438877
55	0.0019514527345951102	0.0012196579591219438	0.0	4.8786318364877756E-4	0.1846562150110623	0.0024393159182438877
56	0.0019514527345951102	0.0012196579591219438	0.0	4.8786318364877756E-4	0.18953484684755006	0.0024393159182438877
57	0.0019514527345951102	0.0012196579591219438	0.0	4.8786318364877756E-4	0.19441347868403785	0.0026832475100682764
58	0.002195384326419499	0.0012196579591219438	0.0	4.8786318364877756E-4	0.19709672619410612	0.0026832475100682764
59	0.0024393159182438877	0.0012196579591219438	0.0	4.8786318364877756E-4	0.1997799737041744	0.0026832475100682764
60	0.0024393159182438877	0.0012196579591219438	0.0	4.8786318364877756E-4	0.20319501598971584	0.0026832475100682764
61	0.0026832475100682764	0.0012196579591219438	0.0	4.8786318364877756E-4	0.20685398986708167	0.0026832475100682764
62	0.002927179101892665	0.0012196579591219438	0.0	4.8786318364877756E-4	0.21173262170356946	0.002927179101892665
63	0.003171110693717054	0.0012196579591219438	0.0	4.8786318364877756E-4	0.2153915955809353	0.002927179101892665
64	0.0036589738773658317	0.0012196579591219438	0.0	7.317947754731663E-4	0.21978236423377429	0.0034150422855414426
>>END_MODULE
