##FastQC	0.12.1
>>Basic Statistics	pass
#Measure	Value
Filename	SRR5223500_2.trimmed.fastq.gz
File type	Conventional base calls
Encoding	Sanger / Illumina 1.9
Total Sequences	409951
Total Bases	30.5 Mbp
Sequences flagged as poor quality	0
Sequence length	50-75
%GC	47
>>END_MODULE
>>Per base sequence quality	pass
#Base	Mean	Median	Lower Quartile	Upper Quartile	10th Percentile	90th Percentile
1	32.88969413417701	33.0	33.0	33.0	33.0	33.0
2	32.90605462604067	33.0	33.0	33.0	33.0	33.0
3	32.91839756458699	33.0	33.0	33.0	33.0	33.0
4	36.874355715683095	37.0	37.0	37.0	37.0	37.0
5	36.877551219535995	37.0	37.0	37.0	37.0	37.0
6	36.89217491846586	37.0	37.0	37.0	37.0	37.0
7	36.874802110496134	37.0	37.0	37.0	37.0	37.0
8	36.8902673734178	37.0	37.0	37.0	37.0	37.0
9	36.875421696739366	37.0	37.0	37.0	37.0	37.0
10	36.869216077043355	37.0	37.0	37.0	37.0	37.0
11	36.86767442938302	37.0	37.0	37.0	37.0	37.0
12	36.86567175101415	37.0	37.0	37.0	37.0	37.0
13	36.863025093242854	37.0	37.0	37.0	37.0	37.0
14	39.46644355057068	40.0	40.0	40.0	37.0	40.0
15	39.40137235913561	40.0	40.0	40.0	37.0	40.0
16	39.401499203563354	40.0	40.0	40.0	37.0	40.0
17	39.40241882566453	40.0	40.0	40.0	37.0	40.0
18	39.388607418935436	40.0	40.0	40.0	37.0	40.0
19	39.42242365551005	40.0	40.0	40.0	37.0	40.0
20	39.38428495112831	40.0	40.0	40.0	37.0	40.0
21	39.33214213405992	40.0	40.0	40.0	37.0	40.0
22	39.31961624681974	40.0	40.0	40.0	37.0	40.0
23	39.318081917107165	40.0	40.0	40.0	37.0	40.0
24	39.320870055201716	40.0	40.0	40.0	37.0	40.0
25	39.301348209908014	40.0	40.0	40.0	37.0	40.0
26	39.2903566523804	40.0	40.0	40.0	37.0	40.0
27	39.275469507331366	40.0	40.0	40.0	37.0	40.0
28	39.25263994965252	40.0	40.0	40.0	37.0	40.0
29	39.204431749160264	40.0	40.0	40.0	37.0	40.0
30	39.194023188137116	40.0	40.0	40.0	37.0	40.0
31	39.19697476039819	40.0	40.0	40.0	37.0	40.0
32	39.18826884188598	40.0	40.0	40.0	37.0	40.0
33	39.1175945417867	40.0	40.0	40.0	37.0	40.0
34	39.11709448202346	40.0	40.0	40.0	37.0	40.0
35	39.123948959753726	40.0	40.0	40.0	37.0	40.0
36	39.095267483187016	40.0	40.0	40.0	37.0	40.0
37	39.055094389329454	40.0	40.0	40.0	37.0	40.0
38	39.02673490246395	40.0	40.0	40.0	37.0	40.0
39	39.004644457508334	40.0	40.0	40.0	37.0	40.0
40	38.929181780261544	40.0	40.0	40.0	37.0	40.0
41	38.90465689801952	40.0	37.0	40.0	37.0	40.0
42	38.86705728245571	40.0	37.0	40.0	37.0	40.0
43	38.839915014233405	40.0	37.0	40.0	37.0	40.0
44	38.77193371890787	40.0	37.0	40.0	37.0	40.0
45	38.73788818663694	40.0	37.0	40.0	37.0	40.0
46	38.64184744030384	40.0	37.0	40.0	37.0	40.0
47	38.61320011415999	40.0	37.0	40.0	37.0	40.0
48	38.53411017414276	40.0	37.0	40.0	37.0	40.0
49	38.45995009159631	40.0	37.0	40.0	37.0	40.0
50	38.405287461184386	40.0	37.0	40.0	37.0	40.0
51	36.76740090903096	37.0	37.0	37.0	33.0	40.0
52	37.36672999293386	37.0	37.0	40.0	33.0	40.0
53	37.86269291785812	40.0	37.0	40.0	33.0	40.0
54	37.995103481233684	40.0	37.0	40.0	33.0	40.0
55	38.00226455275696	40.0	37.0	40.0	33.0	40.0
56	37.93870322792987	40.0	37.0	40.0	33.0	40.0
57	37.85718255275828	40.0	37.0	40.0	33.0	40.0
58	37.75040930431807	40.0	37.0	40.0	33.0	40.0
59	37.68725225314059	37.0	37.0	40.0	33.0	40.0
60	37.56727517759205	37.0	37.0	40.0	33.0	40.0
61	37.47947243794769	37.0	37.0	40.0	33.0	40.0
62	37.36592876432919	37.0	37.0	40.0	33.0	40.0
63	37.196007192014385	37.0	37.0	40.0	33.0	40.0
64	37.0679278755488	37.0	37.0	40.0	33.0	40.0
65	36.96985828841071	37.0	37.0	40.0	33.0	40.0
66	36.86322765966996	37.0	37.0	40.0	33.0	40.0
67	36.714315335593355	37.0	37.0	40.0	33.0	40.0
68	36.604342243258735	37.0	37.0	40.0	33.0	40.0
69	36.39979327698626	37.0	37.0	37.0	33.0	40.0
70	36.27372137942135	37.0	37.0	37.0	33.0	40.0
71	36.16518014702175	37.0	37.0	37.0	33.0	40.0
72	36.02708374369308	37.0	33.0	37.0	33.0	40.0
73	35.8220434335185	37.0	33.0	37.0	33.0	40.0
74	36.19173148328604	37.0	37.0	37.0	33.0	40.0
75	36.221090770887436	37.0	37.0	37.0	33.0	40.0
>>END_MODULE
>>Per sequence quality scores	pass
#Quality	Count
25	1.0
26	10.0
27	47.0
28	139.0
29	328.0
30	849.0
31	1957.0
32	3522.0
33	5904.0
34	9663.0
35	16733.0
36	33185.0
37	83050.0
38	200572.0
39	53991.0
>>END_MODULE
>>Per base sequence content	warn
#Base	G	A	T	C
1	28.335337637912822	18.979341433488393	12.785674385475337	39.899646543123445
2	24.964446970491597	24.876143734251166	33.18445375178985	16.97495554346739
3	20.864688706699095	27.016399520918355	28.08652741425195	24.032384358130606
4	22.333564256930146	36.203616068379404	20.771414911159464	20.691404763530986
5	24.604891804142444	36.564613819700405	20.047517874087394	18.782976502069758
6	20.673690270300597	34.703171842488494	22.444389695353838	22.178748191857075
7	20.08849838151389	17.841156626035794	37.08296845232723	24.987376540123087
8	20.676373517810664	21.895787545340784	27.221058126459013	30.20678081038953
9	21.43231752087445	23.507443572524522	28.546582396432747	26.51365651016829
10	23.55135125905291	34.865142419459886	20.8617615275972	20.72174479389
11	27.265697607762878	24.464875070435248	20.247297847791565	28.02212947401031
12	25.340833416676627	22.593187966366713	25.116172420606365	26.949806196350295
13	22.92883783671707	25.782593529470592	26.333634995401887	24.954933638410445
14	23.458657254159643	26.878822103129394	26.254601159650786	23.407919483060173
15	24.048483843191015	26.876626718802974	25.501828267280725	23.573061170725282
16	24.458288917455988	26.49926454625065	24.767106312705664	24.275340223587698
17	24.473656607740928	26.988835251042197	24.456093533129568	24.08141460808731
18	23.805527977733924	27.291554356496263	24.900536893433607	24.002380772336206
19	24.428529263253413	26.861502960109867	24.64172547450793	24.06824230212879
20	24.530736600227833	27.411812631265686	24.592207361367578	23.465243407138903
21	23.75747345414452	27.432546816570763	25.320099231371557	23.489880497913166
22	23.99481889298965	27.212764452336984	25.171544891950504	23.62087176272286
23	23.965547101970724	27.51206851550551	25.120075326075554	23.40230905644821
24	23.577695870969944	27.52402116350491	25.563299028420474	23.334983937104678
25	23.891635829647935	27.161782749645692	25.18740044541909	23.759180975287293
26	23.78698917675527	27.364977765635405	25.19545018794929	23.652582869660034
27	23.334983937104678	27.115435747199058	25.757956438696333	23.791623876999935
28	23.78040302377601	26.96053918639057	25.369129481328258	23.889928308505162
29	24.005551883029923	27.12250976336196	25.25204231725255	23.619896036355563
30	23.58306236599008	27.266917265722	25.62940448980488	23.52061587848304
31	23.489392634729516	27.199348214786646	25.412793236264825	23.898465914219017
32	23.893587282382526	27.468892623752595	25.01859978387661	23.61892030998827
33	23.589648518969337	27.4159594683267	25.504999377974443	23.489392634729516
34	24.055069996170275	27.32399725820891	24.83565109000832	23.7852816556125
35	24.255093901466275	27.518410736892946	24.948103553839363	23.27839180780142
36	23.602820824927857	27.467916897385297	25.302292225168372	23.626970052518473
37	23.747691752268	27.44918195944314	24.990791402707206	23.812334885581656
38	24.01921205217209	27.36083092857439	24.93517517947267	23.684781839780854
39	23.347180516695897	27.550853638605588	25.500852540913428	23.601113303785088
40	23.845044895609472	27.162514544421164	25.292291029903573	23.70014953006579
41	23.836263358303796	27.48547997199665	25.250578727701605	23.427677941997946
42	23.38450205024503	27.361806654941688	25.73551473224849	23.518176562564793
43	23.722347304921808	27.10958138899527	25.30546333586209	23.862607970220832
44	23.979451202704713	27.212032657561515	25.20374386207132	23.604772277662452
45	23.35401060126698	27.427668184734273	25.729660374044705	23.488660839954044
46	23.70795534100417	27.155928391441904	25.253749838395322	23.88236642915861
47	23.89822198262719	27.578417908481747	25.20984215186693	23.313517957024132
48	23.427434010406124	27.465721513058877	25.563542960012292	23.543301516522707
49	23.77186541806216	27.09665301462858	25.183741471541722	23.947740095767543
50	23.930420952748012	27.484992108813007	25.052994138323847	23.531592800115135
51	23.39423661670497	27.35494459600388	25.651671644925962	23.59914714236519
52	23.939040521475917	27.10804341394596	25.168401415183144	23.78451464939498
53	24.034431430921696	27.581867679893456	25.0430882525755	23.340612636609347
54	23.42658285238148	27.737381906407382	25.474641277310102	23.36139396390104
55	23.855824292296596	27.20971770374841	25.12942053946897	23.805037464486023
56	23.852343454489187	27.554564344908556	25.300760928834244	23.29233127176802
57	23.401267870930937	27.226765945517943	25.64266498797539	23.72930119557573
58	23.887123101505008	27.22433815799516	25.18434081693449	23.704197923565342
59	23.928155875914566	27.618967795373422	24.88512434180685	23.56775198690516
60	23.167185826204147	27.62364800489705	25.789723109428298	23.419443059470506
61	23.693329839981413	27.401638250226164	25.215409636707882	23.68962227308455
62	23.947294811910403	27.60883502523621	25.08249109492231	23.361379067931075
63	23.301134602269205	27.568727137454275	25.765019530039062	23.365118730237462
64	23.705061979620893	27.300352075056338	25.28902703548827	23.705558909834497
65	23.887138441321845	27.6591455493004	25.237305936754918	23.216410072622836
66	23.54717413962488	27.81576178293762	25.354946814081174	23.282117263356323
67	23.59383548468489	27.487253023425456	25.182929418847788	23.73598207304186
68	24.074570043327316	27.539253648780903	24.978661734043857	23.40751457384792
69	23.420412894097105	27.69260488558734	25.612830875988767	23.274151344326782
70	23.636372781779404	27.494869421753656	25.260301396322077	23.608456400144863
71	23.8050701328036	27.80455585918987	25.217557906200526	23.172816101806006
72	23.42712263317121	27.831734824265013	25.535487911433002	23.205654631130777
73	23.775413968611964	27.62369753805932	25.160239797118084	23.440648696210626
74	23.849563009853476	28.015966022845483	25.14927016444396	22.98520080285708
75	23.269018812947362	27.925001583581427	25.525559004244	23.28042059922721
>>END_MODULE
>>Per sequence GC content	pass
#GC Content	Count
0	0.0
1	1.0
2	1.5
3	1.0
4	1.0
5	0.5
6	0.5
7	1.5
8	1.5
9	1.5
10	3.0
11	6.5
12	9.5
13	16.0
14	26.0
15	49.0
16	70.0
17	97.0
18	161.0
19	288.0
20	381.5
21	512.0
22	826.5
23	1261.0
24	1513.0
25	1860.5
26	2628.0
27	3688.0
28	4319.5
29	4771.0
30	5932.0
31	7332.0
32	8030.0
33	8809.0
34	10257.0
35	11857.5
36	12809.0
37	13363.0
38	14522.5
39	15818.0
40	16495.0
41	17102.0
42	18165.0
43	18940.0
44	19244.5
45	19066.5
46	19004.0
47	18972.5
48	18831.5
49	18548.0
50	18182.5
51	17822.0
52	17553.5
53	17274.0
54	16327.0
55	15018.0
56	14373.0
57	14005.0
58	13179.0
59	12115.0
60	11488.0
61	10685.5
62	9375.5
63	8082.0
64	7312.0
65	6692.5
66	5397.0
67	4157.0
68	3552.5
69	3109.0
70	2430.0
71	1803.5
72	1436.0
73	1185.0
74	790.5
75	543.0
76	427.5
77	318.0
78	202.5
79	166.5
80	151.0
81	123.5
82	94.0
83	68.0
84	54.0
85	53.5
86	32.5
87	9.0
88	2.5
89	1.0
90	1.0
91	0.5
92	0.0
93	0.0
94	0.0
95	0.0
96	0.0
97	0.0
98	0.0
99	0.0
100	0.0
>>END_MODULE
>>Per base N content	pass
#Base	N-Count
1	0.0
2	0.0
3	0.0
4	7.317947754731663E-4
5	0.0
6	0.0
7	0.0
8	0.0
9	0.0
10	0.0
11	0.0
12	0.0
13	0.0
14	0.0
15	0.0
16	0.0
17	0.0
18	0.0
19	0.0
20	0.0
21	0.0
22	0.0
23	0.0
24	0.0
25	0.0
26	0.0
27	0.0
28	0.0
29	0.0
30	0.0
31	0.0
32	0.0
33	0.0
34	0.0
35	0.0
36	0.0
37	0.00195145273459511
38	0.0
39	0.0
40	0.0
41	0.0
42	0.0
43	0.0
44	0.0
45	0.0
46	0.0
47	0.0
48	0.0
49	0.0
50	0.0
51	0.0
52	0.0
53	0.0
54	0.0
55	0.0
56	0.0
57	0.0
58	0.0
59	0.0
60	0.0
61	0.0
62	0.0
63	0.0
64	0.0
65	0.0
66	0.0
67	0.0
68	0.0
69	0.0
70	0.0
71	0.0
72	0.0
73	0.0
74	0.0
75	0.0
>>END_MODULE
>>Sequence Length Distribution	warn
#Length	Count
50	504.0
51	454.0
52	529.0
53	419.0
54	459.0
55	452.0
56	468.0
57	489.0
58	521.0
59	514.0
60	564.0
61	595.0
62	758.0
63	754.0
64	669.0
65	756.0
66	755.0
67	774.0
68	916.0
69	985.0
70	940.0
71	682.0
72	493.0
73	412.0
74	414.0
75	394675.0
>>END_MODULE
>>Sequence Duplication Levels	pass
#Total Deduplicated Percentage	81.55401974384525
#Duplication Level	Percentage of total
1	74.72768143201222
2	7.856573599537338
3	3.3497997291948827
4	2.1874921172291515
5	1.6939338708889307
6	1.3226044159182253
7	1.0154491877395326
8	0.8480187055368836
9	0.6620553507712015
>10	5.568728452798092
>50	0.5111238973511812
>100	0.2565392410223424
>500	0.0
>1k	0.0
>5k	0.0
>10k+	0.0
>>END_MODULE
>>Overrepresented sequences	pass
>>END_MODULE
>>Adapter Content	pass
#Position	Illumina Universal Adapter	Illumina Small RNA 3' Adapter	Illumina Small RNA 5' Adapter	Nextera Transposase Sequence	PolyA	PolyG
1	0.0	0.0	0.0	0.0	0.0026832475100682764	0.0
2	0.0	0.0	0.0	0.0	0.0034150422855414426	0.0
3	0.0	0.0	0.0	0.0	0.0039029054691902204	0.0
4	0.0	0.0	0.0	0.0	0.004390768652838998	0.0
5	0.0	0.0	0.0	0.0	0.004634700244663386	0.0
6	0.0	0.0	0.0	0.0	0.004878631836487775	0.0
7	0.0	0.0	0.0	0.0	0.005366495020136553	0.0
8	0.0	0.0	0.0	0.0	0.00585435820378533	0.0
9	0.0	0.0	0.0	0.0	0.007074016162907274	0.0
10	0.0	0.0	0.0	0.0	0.008293674122029217	0.0
11	0.0	0.0	0.0	0.0	0.008537605713853607	0.0
12	4.8786318364877756E-4	0.0	0.0	0.0	0.00975726367297555	0.0
13	4.8786318364877756E-4	0.0	0.0	0.0	0.010245126856624329	0.0
14	4.8786318364877756E-4	0.0	0.0	0.0	0.01170871640757066	0.0
15	7.317947754731663E-4	0.0	0.0	0.0	0.013172305958516994	0.0
16	7.317947754731663E-4	0.0	0.0	0.0	0.015611621876760882	0.0
17	9.757263672975551E-4	0.0	0.0	0.0	0.016343416652234048	0.0
18	9.757263672975551E-4	0.0	0.0	0.0	0.016831279835882826	0.0
19	0.0012196579591219438	0.0	0.0	0.0	0.01756307461135599	0.0
20	0.0012196579591219438	0.0	0.0	0.0	0.01805093779500477	0.0
21	0.0012196579591219438	0.0	0.0	0.0	0.019026664162302323	0.0
22	0.0012196579591219438	0.0	0.0	0.0	0.020246322121424267	0.0
23	0.0012196579591219438	0.0	0.0	0.0	0.022197774856019377	0.0
24	0.0017075211427707213	0.0	0.0	0.0	0.022685638039668155	0.0
25	0.0017075211427707213	0.0	0.0	0.0	0.0239052959987901	0.0
26	0.0017075211427707213	0.0	0.0	0.0	0.02536888554973643	0.0
27	0.0017075211427707213	0.0	0.0	0.0	0.02732033828433154	0.0
28	0.0017075211427707213	0.0	0.0	0.0	0.02951572261075104	0.0
29	0.0017075211427707213	0.0	0.0	0.0	0.031223243753521764	0.0
30	0.0017075211427707213	0.0	0.0	0.0	0.03195503852899493	0.0
31	0.0017075211427707213	0.0	0.0	0.0	0.03366255967176565	0.0
32	0.0017075211427707213	0.0	0.0	0.0	0.03561401240636076	0.0
33	0.0017075211427707213	0.0	0.0	0.0	0.038053328324604646	0.0
34	0.0017075211427707213	0.0	0.0	0.0	0.04024871265102415	0.0
35	0.0017075211427707213	0.0	0.0	0.0	0.04268802856926803	0.0
36	0.0017075211427707213	0.0	0.0	0.0	0.048542386773053364	0.0
37	0.0017075211427707213	0.0	0.0	0.0	0.05024990791582409	0.0
38	0.0017075211427707213	0.0	0.0	0.0	0.05342101860954114	0.0
39	0.0017075211427707213	0.0	0.0	0.0	0.056836060895082585	0.0
40	0.0017075211427707213	0.0	0.0	0.0	0.060738966364272805	0.0
41	0.0017075211427707213	0.0	0.0	0.0	0.06342221387434108	0.0
42	0.0017075211427707213	0.0	0.0	2.4393159182438878E-4	0.06610546138440936	0.0
43	0.0017075211427707213	0.0	0.0	2.4393159182438878E-4	0.06976443526177518	0.0
44	0.0017075211427707213	0.0	0.0	2.4393159182438878E-4	0.07366734073096541	0.0
45	0.0017075211427707213	0.0	0.0	2.4393159182438878E-4	0.07781417779198002	0.0
46	0.0017075211427707213	0.0	0.0	2.4393159182438878E-4	0.08147315166934585	0.0
47	0.0017075211427707213	0.0	0.0	2.4393159182438878E-4	0.08683964668948241	0.0
48	0.0017075211427707213	0.0	0.0	2.4393159182438878E-4	0.09049862056684824	2.4393159182438878E-4
49	0.0017075211427707213	0.0	0.0	2.4393159182438878E-4	0.09440152603603845	2.4393159182438878E-4
50	0.0017075211427707213	0.0	0.0	2.4393159182438878E-4	0.09879229468887746	2.4393159182438878E-4
51	0.0017075211427707213	0.0	0.0	2.4393159182438878E-4	0.10074374742347256	2.4393159182438878E-4
52	0.0017075211427707213	0.0	0.0	2.4393159182438878E-4	0.10293913174989205	4.8786318364877756E-4
53	0.0017075211427707213	0.0	0.0	2.4393159182438878E-4	0.1063541740354335	4.8786318364877756E-4
54	0.0017075211427707213	0.0	0.0	2.4393159182438878E-4	0.11098887428009689	4.8786318364877756E-4
55	0.0017075211427707213	0.0	0.0	2.4393159182438878E-4	0.11586750611658467	7.317947754731663E-4
56	0.0017075211427707213	0.0	0.0	2.4393159182438878E-4	0.12025827476942366	7.317947754731663E-4
57	0.0017075211427707213	0.0	0.0	2.4393159182438878E-4	0.12440511183043827	7.317947754731663E-4
58	0.0017075211427707213	0.0	0.0	2.4393159182438878E-4	0.12733229093233095	7.317947754731663E-4
59	0.0017075211427707213	0.0	0.0	2.4393159182438878E-4	0.12977160685057482	7.317947754731663E-4
60	0.0017075211427707213	0.0	0.0	2.4393159182438878E-4	0.1319669911769943	7.317947754731663E-4
61	0.0017075211427707213	0.0	0.0	2.4393159182438878E-4	0.13513810187071137	7.317947754731663E-4
62	0.0017075211427707213	0.0	0.0	2.4393159182438878E-4	0.13733348619713087	7.317947754731663E-4
63	0.0017075211427707213	0.0	0.0	2.4393159182438878E-4	0.13952887052355037	9.757263672975551E-4
64	0.0017075211427707213	0.0	0.0	2.4393159182438878E-4	0.1414803232581455	9.757263672975551E-4
>>END_MODULE
